Algorithm: lambdaMART
Dataset: baseline 2007 
 
fold	P@1	P@2	P@3	P@4	P@5	P@6	P@7	P@8	P@9	P@10	MAP
1	0.1577	0.1518	0.1468	0.1421	0.1363	0.1319	0.1271	0.122	0.1184	0.1134	0.197
2	0.1268	0.1136	0.1091	0.104	0.105	0.0988	0.0948	0.0929	0.0901	0.0873	0.1422
3	0.1593	0.1504	0.1318	0.1261	0.1145	0.1091	0.1032	0.0999	0.0973	0.0947	0.169
4	0.1534	0.1401	0.1278	0.1239	0.118	0.1131	0.1129	0.1088	0.1049	0.1015	0.1705
5	0.1357	0.1416	0.1298	0.1202	0.1145	0.1106	0.1032	0.0973	0.096	0.0929	0.1622
avg	0.14658	0.1395	0.12906	0.12326	0.11766000000000001	0.1127	0.10824	0.10417999999999998	0.10134000000000001	0.09796	0.16818
 
fold	NDCG@1	NDCG@2	NDCG@3	NDCG@4	NDCG@5	NDCG@6	NDCG@7	NDCG@8	NDCG@9	NDCG@10	MeanNDCG
1	0.4395	0.437	0.4395	0.4449	0.4504	0.4562	0.4632	0.4632	0.4673	0.4709	0.5208
2	0.3933	0.3803	0.3861	0.3906	0.3959	0.3992	0.4045	0.4105	0.419	0.424	0.4777
3	0.4307	0.44	0.4311	0.4347	0.4363	0.4411	0.4408	0.4462	0.4512	0.4575	0.5115
4	0.3825	0.3766	0.3811	0.3864	0.3915	0.3961	0.4053	0.4112	0.4163	0.4233	0.4787
5	0.3805	0.4071	0.4039	0.4029	0.4097	0.4153	0.4217	0.4259	0.4312	0.4387	0.4949
avg	0.4053	0.40820000000000006	0.40834000000000004	0.4119	0.41676	0.42157999999999995	0.4271	0.4314	0.437	0.44288	0.49672
 
Algorithm: lambdaMART
Dataset: augmented 2007 
 
fold	P@1	P@2	P@3	P@4	P@5	P@6	P@7	P@8	P@9	P@10	MAP
1	0.1786	0.1562	0.1448	0.1399	0.1315	0.127	0.1229	0.1202	0.1154	0.1137	0.2002
2	0.1386	0.1224	0.1121	0.1077	0.1027	0.0964	0.0936	0.0911	0.0898	0.085	0.1463
3	0.1652	0.1401	0.1367	0.1246	0.115	0.1062	0.0999	0.0977	0.0957	0.0932	0.1655
4	0.1622	0.1386	0.1318	0.1202	0.1198	0.115	0.1129	0.1069	0.1046	0.1	0.1738
5	0.1386	0.1386	0.1268	0.1239	0.1145	0.1111	0.1062	0.101	0.0967	0.0941	0.1651
avg	0.15664000000000003	0.13918	0.13044	0.12326	0.1167	0.11113999999999999	0.1071	0.10338	0.10044	0.09720000000000001	0.17018
 
fold	NDCG@1	NDCG@2	NDCG@3	NDCG@4	NDCG@5	NDCG@6	NDCG@7	NDCG@8	NDCG@9	NDCG@10	MeanNDCG
1	0.4494	0.4335	0.4348	0.4438	0.445	0.4503	0.454	0.4608	0.463	0.4696	0.5191
2	0.3854	0.3882	0.3895	0.4012	0.401	0.4027	0.4075	0.4158	0.4227	0.4268	0.4824
3	0.4454	0.4341	0.4394	0.4382	0.4368	0.436	0.4355	0.4434	0.4477	0.4522	0.5094
4	0.3687	0.3761	0.3789	0.3856	0.3907	0.3983	0.4045	0.4094	0.418	0.4235	0.4785
5	0.3835	0.4081	0.4077	0.4088	0.4119	0.4209	0.4246	0.4313	0.4369	0.4442	0.4993
avg	0.40648	0.40800000000000003	0.41006	0.41552	0.41708000000000006	0.42164	0.42522000000000004	0.4321400000000001	0.43766	0.44326	0.49773999999999996
 
Algorithm: lambdaMART
Dataset: baseline 2008 
 
fold	P@1	P@2	P@3	P@4	P@5	P@6	P@7	P@8	P@9	P@10	MAP
1	0.1859	0.1763	0.1496	0.1378	0.1244	0.1175	0.1081	0.1002	0.0919	0.0859	0.243
2	0.1274	0.1338	0.1125	0.1178	0.1134	0.104	0.0965	0.09	0.0821	0.0771	0.1828
3	0.1783	0.1433	0.1316	0.1242	0.1108	0.1019	0.0946	0.0876	0.0828	0.0771	0.2186
4	0.2484	0.2229	0.2081	0.1863	0.1694	0.1592	0.1465	0.1354	0.126	0.1197	0.2823
5	0.1847	0.1688	0.1592	0.1385	0.1248	0.1157	0.1056	0.0947	0.0899	0.0879	0.2452
avg	0.18494	0.16902	0.1522	0.14092000000000002	0.12856	0.11965999999999999	0.11026	0.10158	0.09453999999999999	0.08954	0.23437999999999998
fold	NDCG@1	NDCG@2	NDCG@3	NDCG@4	NDCG@5	NDCG@6	NDCG@7	NDCG@8	NDCG@9	NDCG@10	MeanNDCG
1	0.3504	0.3857	0.403	0.4325	0.4514	0.4644	0.4706	0.4209	0.2052	0.2111	0.4613
2	0.3291	0.3609	0.3765	0.4071	0.4222	0.4416	0.4435	0.4253	0.1683	0.1718	0.4352
3	0.3567	0.3726	0.3862	0.4285	0.4469	0.4614	0.4642	0.4458	0.2376	0.2428	0.4676
4	0.4544	0.4745	0.5019	0.5132	0.5302	0.5409	0.5427	0.4919	0.2847	0.2925	0.5491
5	0.431	0.4628	0.482	0.4998	0.5229	0.5327	0.5432	0.5033	0.2124	0.2197	0.5396
avg	0.38432000000000005	0.41129999999999994	0.4299200000000001	0.45621999999999996	0.47472000000000003	0.48819999999999997	0.49284	0.45743999999999996	0.22163999999999998	0.22758000000000003	0.49056000000000005
 
Algorithm: lambdaMART
Dataset: augmented 2008 
 
fold	P@1	P@2	P@3	P@4	P@5	P@6	P@7	P@8	P@9	P@10	MAP
1	0.1923	0.1731	0.1453	0.1362	0.1231	0.1175	0.1081	0.0986	0.0905	0.0859	0.2426
2	0.121	0.1465	0.1316	0.1226	0.1121	0.1062	0.1001	0.0924	0.0835	0.0783	0.1854
3	0.1783	0.1465	0.1359	0.1258	0.1146	0.1051	0.0946	0.0892	0.0835	0.0777	0.2202
4	0.2293	0.2166	0.1932	0.1847	0.1694	0.1561	0.1465	0.1377	0.1281	0.1178	0.2706
5	0.1847	0.1656	0.155	0.1417	0.1261	0.1168	0.1074	0.0979	0.0934	0.0892	0.2415
avg	0.18112	0.16965999999999998	0.15220000000000003	0.14219999999999997	0.12906	0.12034	0.11134	0.10316	0.0958	0.08978	0.23206000000000002
 
fold	NDCG@1	NDCG@2	NDCG@3	NDCG@4	NDCG@5	NDCG@6	NDCG@7	NDCG@8	NDCG@9	NDCG@10	MeanNDCG
1	0.3568	0.3884	0.4011	0.4318	0.4515	0.4648	0.4717	0.4228	0.2026	0.2094	0.4632
2	0.3206	0.3641	0.3946	0.4182	0.4319	0.4459	0.4503	0.4309	0.1711	0.1741	0.4413
3	0.3567	0.3822	0.3974	0.4366	0.4475	0.4669	0.4672	0.4508	0.2412	0.2474	0.4713
4	0.4289	0.4613	0.4819	0.5022	0.5243	0.5323	0.5378	0.4886	0.2851	0.2865	0.5401
5	0.4331	0.4628	0.48	0.5045	0.5204	0.5323	0.5436	0.5061	0.2153	0.2213	0.5387
avg	0.37922	0.41176	0.43100000000000005	0.45865999999999996	0.47512	0.48844000000000004	0.49412	0.45983999999999997	0.22305999999999998	0.22774	0.49092
